Name,Metric,Value,Agrupation
,ERROR: computing metric {},,
Percentage of 'Declaration FOR_APPROVAL by SUPERVISOR' before 'Declaration FINAL_APPROVED by SUPERVISOR',Percentage of 'Declaration FOR_APPROVAL by SUPERVISOR' out of all 'Declaration FINAL_APPROVED by SUPERVISOR',0.0,
Number of 'Declaration FOR_APPROVAL by SUPERVISOR',Number of 'Declaration FOR_APPROVAL by SUPERVISOR' activities,1,
Percentage of 'Declaration FOR_APPROVAL by SUPERVISOR' out of all 'Declaration SUBMITTED by EMPLOYEE',Percentage of 'Declaration FOR_APPROVAL by SUPERVISOR' out of all 'Declaration SUBMITTED by EMPLOYEE',0.0,
Number of 'Declaration FOR_APPROVAL by SUPERVISOR' that are preceded by 'Declaration APPROVED by ADMINISTRATION',Number of 'Declaration FOR_APPROVAL by SUPERVISOR' activities for cases where activity 'Declaration APPROVED by ADMINISTRATION' occurs,0,
Percentage of 'Declaration FOR_APPROVAL by SUPERVISOR' that are not dismissed,Percentage of 'Declaration FOR_APPROVAL by SUPERVISOR' out of all cases where 'Declaration REJECTED by SUPERVISOR' does not happen,0.0,
Percentage of 'Declaration FOR_APPROVAL by SUPERVISOR' from all 'Declaration APPROVED by ADMINISTRATION',Percentage of 'Declaration FOR_APPROVAL by SUPERVISOR' out of all 'Declaration APPROVED by ADMINISTRATION',0.0,
Number of 'Declaration FOR_APPROVAL by SUPERVISOR' with amounts above 100 euros,Number of 'Declaration FOR_APPROVAL by SUPERVISOR' activities > 100 where ma is the last value of case:Amount,0,
Percentage of 'Declaration FOR_APPROVAL by SUPERVISOR' by 'STAFF MEMBER',Percentage of 'Declaration FOR_APPROVAL by SUPERVISOR' out of all cases,,
Number of 'Declaration FOR_APPROVAL by SUPERVISOR' grouped by 'case:BudgetNumber',Number of 'Declaration FOR_APPROVAL by SUPERVISOR' activities grouped by the last value of case:BudgetNumber,budget 86566:1,"{""budget 86566"":1}"
Percentage of 'Declaration FOR_APPROVAL by SUPERVISOR' by worker,Percentage of 'Declaration FOR_APPROVAL by SUPERVISOR' out of all cases,0.0,
Percentage of 'Declaration FOR_APPROVAL by SUPERVISOR' followed by 'Declaration FINAL_APPROVED by SUPERVISOR',Percentage of 'Declaration FOR_APPROVAL by SUPERVISOR' out of all 'Declaration FINAL_APPROVED by SUPERVISOR',0.0,
Number of 'Declaration FOR_APPROVAL by SUPERVISOR' made per year,"ERROR: computing metric {'count': ""activity == 'Declaration FOR_APPROVAL by SUPERVISOR'"", 'aggregation': 'total', 'group_by': 'year'}",,
Percentage of 'Declaration FOR_APPROVAL by SUPERVISOR' that are rejected,Percentage of 'Declaration FOR_APPROVAL by SUPERVISOR' out of all 'Declaration REJECTED by SUPERVISOR',0.0,
Number of 'Declaration FOR_APPROVAL by SUPERVISOR' in relation to 'Declaration APPROVED by ADMINISTRATION',Number of 'Declaration FOR_APPROVAL by SUPERVISOR' activities for cases where activity 'Declaration APPROVED by ADMINISTRATION' occurs,0,
Percentage of 'Declaration FOR_APPROVAL by SUPERVISOR',Percentage of 'Declaration FOR_APPROVAL by SUPERVISOR' out of all cases,0.0,
Number of times 'Declaration FOR_APPROVAL by SUPERVISOR' is performed,Number of 'Declaration FOR_APPROVAL by SUPERVISOR' activities,1,
Percentage of 'Declaration FOR_APPROVAL by SUPERVISOR' done after 'Declaration APPROVED by ADMINISTRATION',Percentage of 'Declaration FOR_APPROVAL by SUPERVISOR' out of all 'Declaration APPROVED by ADMINISTRATION',0.0,
Average number of 'Declaration FOR_APPROVAL by SUPERVISOR',the average of the number of times `ACTIVITY` == 'Declaration FOR_APPROVAL by SUPERVISOR',0.0,
Percentage of 'Declaration FOR_APPROVAL by SUPERVISOR' with an increment,Percentage of 'Declaration FOR_APPROVAL by SUPERVISOR' out of all cases,0.0,
Percentage of 'Declaration FOR_APPROVAL by SUPERVISOR' with appeal,Percentage of 'Declaration FOR_APPROVAL by SUPERVISOR' out of all cases,0.0,
Average number of 'Declaration FOR_APPROVAL by SUPERVISOR' that are followed by 'Declaration FINAL_APPROVED by SUPERVISOR',the average of the number of times `ACTIVITY` == 'Declaration FOR_APPROVAL by SUPERVISOR' filtered by the function ma > 0 where ma is the number of times `ACTIVITY` == 'Declaration FINAL_APPROVED by SUPERVISOR',0.0,
Percentage of 'Declaration FOR_APPROVAL by SUPERVISOR' with penalty,Percentage of 'Declaration FOR_APPROVAL by SUPERVISOR' out of all cases,0.0,
Average number of 'Declaration FOR_APPROVAL by SUPERVISOR' in a month,"ERROR: computing metric {'count': ""activity == 'Declaration FOR_APPROVAL by SUPERVISOR'"", 'aggregation': 'average', 'group_by': 'month'}",,
Total 'Declaration FOR_APPROVAL by SUPERVISOR' done by 'STAFF MEMBER',Number of 'Declaration FOR_APPROVAL by SUPERVISOR' activities == 'STAFF MEMBER' where ma is the last value of org:role,,
Fraction of 'Declaration FOR_APPROVAL by SUPERVISOR' that are dismissed,Percentage of 'Declaration FOR_APPROVAL by SUPERVISOR' out of all 'Declaration REJECTED by SUPERVISOR',0.0,
Total 'Declaration FOR_APPROVAL by SUPERVISOR' performed by 'STAFF MEMBER',Number of 'Declaration FOR_APPROVAL by SUPERVISOR' activities == 'STAFF MEMBER' where ma is the last value of org:role,,
Ratio of 'Declaration FOR_APPROVAL by SUPERVISOR' over 'Declaration FINAL_APPROVED by SUPERVISOR',the average of the number of times `ACTIVITY` == 'Declaration FOR_APPROVAL by SUPERVISOR' filtered by the function ma > 0 where ma is the number of times `ACTIVITY` == 'Declaration FINAL_APPROVED by SUPERVISOR',0.0,
Occasions how often the 'Declaration FOR_APPROVAL by SUPERVISOR' is performed,Number of 'Declaration FOR_APPROVAL by SUPERVISOR' activities,1,
The ratio of 'Declaration FOR_APPROVAL by SUPERVISOR' that are not eventually performed,the average of the function base == 0 where base is the number of times `ACTIVITY` == 'Declaration FOR_APPROVAL by SUPERVISOR',1.0,
Percentage of 'Declaration FOR_APPROVAL by SUPERVISOR' in variants involving 'Declaration REJECTED by PRE_APPROVER',Percentage of 'Declaration FOR_APPROVAL by SUPERVISOR' out of all 'Declaration REJECTED by PRE_APPROVER',0.0,
Number of 'Declaration FOR_APPROVAL by SUPERVISOR' preceded by 'Declaration REJECTED by PRE_APPROVER',Number of 'Declaration FOR_APPROVAL by SUPERVISOR' activities for cases where activity 'Declaration REJECTED by PRE_APPROVER' occurs,0,
Percentage of 'Declaration FOR_APPROVAL by SUPERVISOR' following 'Declaration REJECTED by PRE_APPROVER',Percentage of 'Declaration FOR_APPROVAL by SUPERVISOR' out of all 'Declaration REJECTED by PRE_APPROVER',0.0,
Number of 'Declaration FOR_APPROVAL by SUPERVISOR' in cases where 'Declaration REJECTED by PRE_APPROVER' occurs,Number of 'Declaration FOR_APPROVAL by SUPERVISOR' activities for cases where activity 'Declaration REJECTED by PRE_APPROVER' occurs,0,
Percentage of 'Declaration FOR_APPROVAL by SUPERVISOR' that lead to 'Declaration FINAL_APPROVED by SUPERVISOR' after 'Declaration REJECTED by PRE_APPROVER',Percentage of 'Declaration FOR_APPROVAL by SUPERVISOR' out of all 'Declaration FINAL_APPROVED by SUPERVISOR',0.0,
Number of 'Declaration FOR_APPROVAL by SUPERVISOR' in cases where 'Declaration REJECTED by PRE_APPROVER' does not occur,Number of 'Declaration FOR_APPROVAL by SUPERVISOR' activities for cases where activity 'Declaration REJECTED by PRE_APPROVER' does not occur,1,
Percentage of 'Declaration FOR_APPROVAL by SUPERVISOR' in the overall process,Percentage of 'Declaration FOR_APPROVAL by SUPERVISOR' out of all cases,0.0,
Number of 'Declaration FOR_APPROVAL by SUPERVISOR' that result in final approval,Number of 'Declaration FOR_APPROVAL by SUPERVISOR' activities for cases where activity 'Declaration FINAL_APPROVED by SUPERVISOR' occurs,0,
Percentage of 'Declaration FOR_APPROVAL by SUPERVISOR' that are followed by 'Declaration FINAL_APPROVED by SUPERVISOR' in the same case,Percentage of 'Declaration FOR_APPROVAL by SUPERVISOR' out of all 'Declaration FINAL_APPROVED by SUPERVISOR',0.0,
Number of 'Declaration FOR_APPROVAL by SUPERVISOR' that are preceded by 'Declaration APPROVED by ADMINISTRATION' and followed by 'Declaration FINAL_APPROVED by SUPERVISOR',Number of 'Declaration FOR_APPROVAL by SUPERVISOR' activities for cases where activity 'Declaration APPROVED by ADMINISTRATION' occurs,0,
Percentage of 'Declaration FOR_APPROVAL by SUPERVISOR' that occur in the most frequent process variant,Percentage of 'Declaration FOR_APPROVAL by SUPERVISOR' out of all cases,0.0,
"Number of 'Declaration FOR_APPROVAL by SUPERVISOR' in cases with high performance (e.g., performance > 1000000)",Number of 'Declaration FOR_APPROVAL by SUPERVISOR' activities > 1000000 where ma is the last value of case:Amount,,
Percentage of 'Declaration FOR_APPROVAL by SUPERVISOR' that occur in cases with 'Declaration REJECTED by PRE_APPROVER',Percentage of 'Declaration FOR_APPROVAL by SUPERVISOR' out of all 'Declaration REJECTED by PRE_APPROVER',0.0,
Number of 'Declaration FOR_APPROVAL by SUPERVISOR' that are part of the approval process involving budget owners,Number of 'Declaration FOR_APPROVAL by SUPERVISOR' activities for cases where activity 'Declaration APPROVED by BUDGET OWNER' occurs,0,
Percentage of 'Declaration FOR_APPROVAL by SUPERVISOR' that are part of the approval process without budget owner involvement,Percentage of 'Declaration FOR_APPROVAL by SUPERVISOR' out of all cases where 'Declaration APPROVED by BUDGET OWNER' does not happen,0.0,
Number of 'Declaration FOR_APPROVAL by SUPERVISOR' that occur in cases involving multiple rejections,Number of 'Declaration FOR_APPROVAL by SUPERVISOR' activities,1,
Percentage of 'Declaration FOR_APPROVAL by SUPERVISOR' that occur in cases with 'Declaration REJECTED by SUPERVISOR',Percentage of 'Declaration FOR_APPROVAL by SUPERVISOR' out of all 'Declaration REJECTED by SUPERVISOR',0.0,
Number of 'Declaration FOR_APPROVAL by SUPERVISOR' that are part of the approval process involving the director,Number of 'Declaration FOR_APPROVAL by SUPERVISOR' activities == 'DIRECTOR' where ma is the last value of org:role,,
Percentage of 'Declaration FOR_APPROVAL by SUPERVISOR' that occur in cases with 'Declaration REJECTED by ADMINISTRATION',Percentage of 'Declaration FOR_APPROVAL by SUPERVISOR' out of all 'Declaration REJECTED by ADMINISTRATION',0.0,
Number of 'Declaration FOR_APPROVAL by SUPERVISOR' that are part of the approval process involving pre-approvers,Number of 'Declaration FOR_APPROVAL by SUPERVISOR' activities == 'PRE_APPROVER' where ma is the last value of org:role,,
Percentage of 'Declaration FOR_APPROVAL by SUPERVISOR' that occur in cases with 'Declaration REJECTED by MISSING',Percentage of 'Declaration FOR_APPROVAL by SUPERVISOR' out of all 'Declaration REJECTED by MISSING',0.01,
